# Created by Octave 3.8.1, Fri Dec 16 15:05:21 2016 IST <vivek@viv>
# name: v
# type: matrix
# rows: 10
# columns: 1
 3999
 3299
 3690
 2320
 5399
 2999
 3149
 1989
 2120
 2425


